Method	Estimate (actual)	Estimate (relative)	Wait (mean)	Wait (max)	Hub r1	Hub r4	Hub r9	Hosp r1	Hosp r4	Hosp r9
agg_stats	[1.000, 3.525]	[0%, 252%]	0.000	0.000	1.910	1.910	1.910	1.910	1.910	1.910
agg_mask_stats	[10.000, 35.25]	[900%, 3425%]	0.000	0.000	0.000	0.000	0.000	0.000	0.000	0.000
agg_mpc_stats	[1.000, 3.525]	[0%, 252%]	0.099	0.099	0.000	0.000	0.000	0.000	0.000	0.000
hll0_stats	[0.694, 22.20]	[-31%, 2120%]	0.000	0.000	0.000	0.000	0.000	0.000	0.000	0.000
hll0_shuffle_stats	[0.694, 22.20]	[-31%, 2120%]	0.000	0.000	0.000	0.000	0.000	0.000	0.000	0.000
hll0_rehashed_stats	[0.694, 22.20]	[-31%, 2120%]	0.000	0.000	0.000	0.000	0.000	0.000	0.000	0.000
hll0_mask_stats	[0.694, 22.20]	[-31%, 2120%]	0.000	0.000	0.000	0.000	0.000	0.000	0.000	0.000
hll0_mpc_stats	[0.694, 22.20]	[-31%, 2120%]	0.385	0.385	0.000	0.000	0.000	0.000	0.000	0.000
hll0_mpc_shuffle_stats	[0.694, 22.20]	[-31%, 2120%]	0.385	0.385	0.000	0.000	0.000	0.000	0.000	0.000
hll1_stats	[1.386, 1.386]	[39%, 39%]	0.000	0.000	0.000	0.000	0.000	0.000	0.000	0.000
hll1_shuffle_stats	[1.386, 1.386]	[39%, 39%]	0.000	0.000	0.000	0.000	0.000	0.000	0.000	0.000
hll1_rehashed_stats	[1.386, 1.386]	[39%, 39%]	0.000	0.000	0.000	0.000	0.000	0.000	0.000	0.000
hll1_mask_stats	[1.386, 1.386]	[39%, 39%]	0.000	0.000	0.000	0.000	0.000	0.000	0.000	0.000
hll1_mpc_stats	[1.386, 1.386]	[39%, 39%]	0.675	0.675	0.000	0.000	0.000	0.000	0.000	0.000
hll1_mpc_shuffle_stats	[1.386, 1.386]	[39%, 39%]	0.675	0.675	0.000	0.000	0.000	0.000	0.000	0.000
hll4_stats	[1.033, 1.033]	[3%, 3%]	0.001	0.001	0.000	0.000	0.000	0.000	0.000	0.000
hll4_shuffle_stats	[1.033, 1.033]	[3%, 3%]	0.001	0.001	0.000	0.000	0.000	0.000	0.000	0.000
hll4_rehashed_stats	[1.033, 1.033]	[3%, 3%]	0.001	0.001	0.000	0.000	0.000	0.000	0.000	0.000
hll4_mask_stats	[1.033, 1.033]	[3%, 3%]	0.001	0.001	0.000	0.000	0.000	0.000	0.000	0.000
hll4_mpc_stats	[1.033, 1.033]	[3%, 3%]	4.781	4.781	0.000	0.000	0.000	0.000	0.000	0.000
hll4_mpc_shuffle_stats	[1.033, 1.033]	[3%, 3%]	4.781	4.781	0.000	0.000	0.000	0.000	0.000	0.000
hll7_stats	[1.004, 1.004]	[0%, 0%]	0.006	0.006	0.000	0.000	0.000	0.000	0.000	0.000
hll7_shuffle_stats	[1.004, 1.004]	[0%, 0%]	0.006	0.006	0.000	0.000	0.000	0.000	0.000	0.000
hll7_rehashed_stats	[1.004, 1.004]	[0%, 0%]	0.007	0.007	0.000	0.000	0.000	0.000	0.000	0.000
hll7_mask_stats	[1.004, 1.004]	[0%, 0%]	0.007	0.007	0.000	0.000	0.000	0.000	0.000	0.000
hll7_mpc_stats	[1.004, 1.004]	[0%, 0%]	37.73	37.73	0.000	0.000	0.000	0.000	0.000	0.000
hll7_mpc_shuffle_stats	[1.004, 1.004]	[0%, 0%]	37.73	37.73	0.000	0.000	0.000	0.000	0.000	0.000
hll15_stats	[1.000, 1.000]	[0%, 0%]	1.463	1.463	0.080	0.140	0.310	0.080	0.140	0.310
hll15_shuffle_stats	[1.000, 1.000]	[0%, 0%]	1.463	1.463	0.000	0.000	0.000	0.080	0.140	0.310
hll15_rehashed_stats	[1.000, 1.000]	[0%, 0%]	1.623	1.647	0.000	0.000	0.000	0.080	0.140	0.310
hll15_mask_stats	[1.000, 21.00]	[0%, 2000%]	1.632	1.632	0.000	0.000	0.000	0.000	0.000	0.000
all_stats	[1.000, 1.000]	[0%, 0%]	0.001	0.001	1.910	1.910	1.910	1.910	1.910	1.910
all_rehashed_stats	[1.000, 1.000]	[0%, 0%]	0.001	0.001	0.000	0.000	0.000	1.910	1.910	1.910
Method	Estimate (actual)	Estimate (relative)	Wait (mean)	Wait (max)	Hub r1	Hub r4	Hub r9	Hosp r1	Hosp r4	Hosp r9
agg_stats	[1.475, 24.00]	[-85%, 140%]	0.000	0.000	13.07	15.66	15.72	13.07	15.66	15.72
agg_mask_stats	[10.000, 205.2]	[0%, 1952%]	0.000	0.000	0.000	0.000	0.000	0.000	0.000	0.000
agg_mpc_stats	[15.47, 24.00]	[55%, 140%]	0.099	0.099	0.000	0.000	0.000	0.000	0.000	0.000
hll0_stats	[2.776, 88.82]	[-72%, 788%]	0.000	0.000	0.000	0.000	0.000	0.000	0.000	0.000
hll0_shuffle_stats	[2.776, 88.82]	[-72%, 788%]	0.000	0.000	0.000	0.000	0.000	0.000	0.000	0.000
hll0_rehashed_stats	[2.776, 88.82]	[-72%, 788%]	0.000	0.000	0.000	0.000	0.000	0.000	0.000	0.000
hll0_mask_stats	[2.776, 88.82]	[-72%, 788%]	0.000	0.000	0.000	0.000	0.000	0.000	0.000	0.000
hll0_mpc_stats	[2.776, 88.82]	[-72%, 788%]	0.385	0.385	0.000	0.000	0.000	0.000	0.000	0.000
hll0_mpc_shuffle_stats	[2.776, 88.82]	[-72%, 788%]	0.385	0.385	0.000	0.000	0.000	0.000	0.000	0.000
hll1_stats	[3.332, 35.23]	[-67%, 252%]	0.000	0.000	0.000	0.000	0.000	0.000	0.000	0.000
hll1_shuffle_stats	[3.332, 35.23]	[-67%, 252%]	0.000	0.000	0.000	0.000	0.000	0.000	0.000	0.000
hll1_rehashed_stats	[3.332, 35.23]	[-67%, 252%]	0.000	0.000	0.000	0.000	0.000	0.000	0.000	0.000
hll1_mask_stats	[3.332, 35.23]	[-67%, 252%]	0.000	0.000	0.000	0.000	0.000	0.000	0.000	0.000
hll1_mpc_stats	[3.332, 35.23]	[-67%, 252%]	0.675	0.675	0.000	0.000	0.000	0.000	0.000	0.000
hll1_mpc_shuffle_stats	[3.332, 35.23]	[-67%, 252%]	0.675	0.675	0.000	0.000	0.000	0.000	0.000	0.000
hll4_stats	[5.995, 15.69]	[-40%, 57%]	0.001	0.001	0.000	0.000	0.000	0.000	0.000	0.000
hll4_shuffle_stats	[5.995, 15.69]	[-40%, 57%]	0.001	0.001	0.000	0.000	0.000	0.000	0.000	0.000
hll4_rehashed_stats	[5.995, 15.69]	[-40%, 57%]	0.001	0.001	0.000	0.000	0.000	0.000	0.000	0.000
hll4_mask_stats	[5.995, 15.69]	[-40%, 57%]	0.001	0.001	0.000	0.000	0.000	0.000	0.000	0.000
hll4_mpc_stats	[5.995, 15.69]	[-40%, 57%]	4.778	4.778	0.000	0.000	0.000	0.000	0.000	0.000
hll4_mpc_shuffle_stats	[5.995, 15.69]	[-40%, 57%]	4.778	4.778	0.000	0.000	0.000	0.000	0.000	0.000
hll7_stats	[8.261, 10.41]	[-17%, 4%]	0.006	0.006	0.000	0.010	0.010	0.000	0.010	0.010
hll7_shuffle_stats	[8.261, 10.41]	[-17%, 4%]	0.006	0.006	0.000	0.000	0.000	0.000	0.010	0.010
hll7_rehashed_stats	[8.261, 10.41]	[-17%, 4%]	0.007	0.007	0.000	0.000	0.000	0.000	0.010	0.010
hll7_mask_stats	[8.261, 10.41]	[-17%, 4%]	0.007	0.007	0.000	0.000	0.000	0.000	0.000	0.000
hll7_mpc_stats	[8.261, 10.41]	[-17%, 4%]	37.72	37.72	0.000	0.000	0.000	0.000	0.000	0.000
hll7_mpc_shuffle_stats	[8.261, 10.41]	[-17%, 4%]	37.72	37.72	0.000	0.000	0.000	0.000	0.000	0.000
hll15_stats	[10.00, 10.00]	[0%, 0%]	1.477	1.477	0.440	1.730	3.800	0.440	1.730	3.800
hll15_shuffle_stats	[10.00, 10.00]	[0%, 0%]	1.477	1.477	0.000	0.000	0.000	0.440	1.730	3.800
hll15_rehashed_stats	[10.00, 10.00]	[0%, 0%]	1.636	1.659	0.000	0.000	0.000	0.440	1.730	3.800
hll15_mask_stats	[10.000, 87.53]	[0%, 775%]	1.578	1.578	0.000	0.000	0.000	0.000	0.000	0.000
all_stats	[10.000, 10.000]	[0%, 0%]	0.002	0.002	19.32	19.32	19.32	19.32	19.32	19.32
all_rehashed_stats	[10.000, 10.000]	[0%, 0%]	0.002	0.002	0.000	0.000	0.000	19.32	19.32	19.32
Method	Estimate (actual)	Estimate (relative)	Wait (mean)	Wait (max)	Hub r1	Hub r4	Hub r9	Hosp r1	Hosp r4	Hosp r9
agg_stats	[9.000, 205.6]	[-91%, 106%]	0.000	0.000	23.80	50.74	59.78	23.80	50.74	59.78
agg_mask_stats	[10.000, 734.1]	[-90%, 634%]	0.000	0.000	0.000	0.000	0.000	0.000	0.000	0.000
agg_mpc_stats	[176.9, 205.6]	[77%, 106%]	0.099	0.099	0.000	0.000	0.000	0.000	0.000	0.000
hll0_stats	[11.10, 541.8]	[-89%, 442%]	0.000	0.000	0.000	0.000	0.000	0.000	0.000	0.000
hll0_shuffle_stats	[11.10, 541.8]	[-89%, 442%]	0.000	0.000	0.000	0.000	0.000	0.000	0.000	0.000
hll0_rehashed_stats	[11.10, 541.8]	[-89%, 442%]	0.000	0.000	0.000	0.000	0.000	0.000	0.000	0.000
hll0_mask_stats	[11.10, 541.8]	[-89%, 442%]	0.000	0.000	0.000	0.000	0.000	0.000	0.000	0.000
hll0_mpc_stats	[11.10, 541.8]	[-89%, 442%]	0.384	0.384	0.000	0.000	0.000	0.000	0.000	0.000
hll0_mpc_shuffle_stats	[11.10, 541.8]	[-89%, 442%]	0.384	0.384	0.000	0.000	0.000	0.000	0.000	0.000
hll1_stats	[19.99, 807.6]	[-80%, 708%]	0.000	0.000	0.000	0.000	0.000	0.000	0.000	0.000
hll1_shuffle_stats	[19.99, 807.6]	[-80%, 708%]	0.000	0.000	0.000	0.000	0.000	0.000	0.000	0.000
hll1_rehashed_stats	[19.99, 807.6]	[-80%, 708%]	0.000	0.000	0.000	0.000	0.000	0.000	0.000	0.000
hll1_mask_stats	[19.99, 807.6]	[-80%, 708%]	0.000	0.000	0.000	0.000	0.000	0.000	0.000	0.000
hll1_mpc_stats	[19.99, 807.6]	[-80%, 708%]	0.676	0.676	0.000	0.000	0.000	0.000	0.000	0.000
hll1_mpc_shuffle_stats	[19.99, 807.6]	[-80%, 708%]	0.676	0.676	0.000	0.000	0.000	0.000	0.000	0.000
hll4_stats	[58.08, 158.6]	[-42%, 59%]	0.001	0.001	0.000	0.000	0.000	0.000	0.000	0.000
hll4_shuffle_stats	[58.08, 158.6]	[-42%, 59%]	0.001	0.001	0.000	0.000	0.000	0.000	0.000	0.000
hll4_rehashed_stats	[58.08, 158.6]	[-42%, 59%]	0.001	0.001	0.000	0.000	0.000	0.000	0.000	0.000
hll4_mask_stats	[58.08, 158.6]	[-42%, 59%]	0.001	0.001	0.000	0.000	0.000	0.000	0.000	0.000
hll4_mpc_stats	[58.08, 158.6]	[-42%, 59%]	4.782	4.782	0.000	0.000	0.000	0.000	0.000	0.000
hll4_mpc_shuffle_stats	[58.08, 158.6]	[-42%, 59%]	4.782	4.782	0.000	0.000	0.000	0.000	0.000	0.000
hll7_stats	[87.68, 115.3]	[-12%, 15%]	0.006	0.006	0.000	0.040	0.070	0.000	0.040	0.070
hll7_shuffle_stats	[87.68, 115.3]	[-12%, 15%]	0.006	0.006	0.000	0.000	0.000	0.000	0.040	0.070
hll7_rehashed_stats	[87.68, 115.3]	[-12%, 15%]	0.007	0.007	0.000	0.000	0.000	0.000	0.040	0.070
hll7_mask_stats	[87.68, 118.0]	[-12%, 18%]	0.007	0.007	0.000	0.000	0.000	0.000	0.000	0.000
hll7_mpc_stats	[87.68, 115.3]	[-12%, 15%]	37.65	37.65	0.000	0.000	0.000	0.000	0.000	0.000
hll7_mpc_shuffle_stats	[87.68, 115.3]	[-12%, 15%]	37.65	37.65	0.000	0.000	0.000	0.000	0.000	0.000
hll15_stats	[99.15, 100.2]	[-1%, 0%]	1.440	1.440	4.090	17.21	36.12	4.090	17.21	36.12
hll15_shuffle_stats	[99.15, 100.2]	[-1%, 0%]	1.440	1.440	0.000	0.000	0.000	4.090	17.21	36.12
hll15_rehashed_stats	[99.15, 100.2]	[-1%, 0%]	1.600	1.625	0.000	0.000	0.000	4.090	17.21	36.12
hll15_mask_stats	[48.41, 464.9]	[-52%, 365%]	1.207	1.207	0.000	0.000	0.000	0.000	0.000	0.000
all_stats	[100.00, 100.00]	[0%, 0%]	0.002	0.002	190.6	190.6	190.6	190.6	190.6	190.6
all_rehashed_stats	[100.00, 100.00]	[0%, 0%]	0.002	0.002	0.000	0.000	0.000	190.6	190.6	190.6
Method	Estimate (actual)	Estimate (relative)	Wait (mean)	Wait (max)	Hub r1	Hub r4	Hub r9	Hosp r1	Hosp r4	Hosp r9
agg_stats	[93.47, 1,973]	[-91%, 97%]	0.000	0.000	5.510	21.79	43.84	5.510	21.79	43.84
agg_mask_stats	[93.47, 2,236]	[-91%, 124%]	0.000	0.000	0.000	0.000	0.000	0.000	0.000	0.000
agg_mpc_stats	[1,863, 1,973]	[86%, 97%]	0.099	0.099	0.000	0.000	0.000	0.000	0.000	0.000
hll0_stats	[177.6, 22,737]	[-82%, 2174%]	0.000	0.000	0.000	0.020	0.030	0.000	0.020	0.030
hll0_shuffle_stats	[177.6, 22,737]	[-82%, 2174%]	0.000	0.000	0.000	0.020	0.030	0.000	0.020	0.030
hll0_rehashed_stats	[177.6, 22,737]	[-82%, 2174%]	0.000	0.001	0.000	0.000	0.000	0.000	0.020	0.030
hll0_mask_stats	[177.6, 22,737]	[-82%, 2174%]	0.000	0.000	0.000	0.000	0.000	0.000	0.000	0.000
hll0_mpc_stats	[177.6, 22,737]	[-82%, 2174%]	0.385	0.385	0.000	0.000	0.000	0.000	0.000	0.000
hll0_mpc_shuffle_stats	[177.6, 22,737]	[-82%, 2174%]	0.385	0.385	0.000	0.000	0.000	0.000	0.000	0.000
hll1_stats	[277.9, 5,118]	[-72%, 412%]	0.000	0.000	0.010	0.020	0.040	0.010	0.020	0.040
hll1_shuffle_stats	[277.9, 5,118]	[-72%, 412%]	0.000	0.000	0.000	0.020	0.030	0.010	0.020	0.040
hll1_rehashed_stats	[277.9, 5,118]	[-72%, 412%]	0.000	0.001	0.000	0.000	0.000	0.010	0.020	0.040
hll1_mask_stats	[237.9, 5,118]	[-76%, 412%]	0.000	0.000	0.000	0.000	0.000	0.000	0.000	0.000
hll1_mpc_stats	[277.9, 5,118]	[-72%, 412%]	0.676	0.676	0.000	0.000	0.000	0.000	0.000	0.000
hll1_mpc_shuffle_stats	[277.9, 5,118]	[-72%, 412%]	0.676	0.676	0.000	0.000	0.000	0.000	0.000	0.000
hll4_stats	[594.1, 1,498]	[-41%, 50%]	0.001	0.001	0.030	0.080	0.190	0.030	0.080	0.190
hll4_shuffle_stats	[594.1, 1,498]	[-41%, 50%]	0.001	0.001	0.000	0.020	0.030	0.030	0.080	0.190
hll4_rehashed_stats	[594.1, 1,498]	[-41%, 50%]	0.001	0.002	0.000	0.000	0.000	0.030	0.080	0.190
hll4_mask_stats	[594.1, 1,498]	[-41%, 50%]	0.001	0.001	0.000	0.000	0.000	0.000	0.000	0.000
hll4_mpc_stats	[594.1, 1,498]	[-41%, 50%]	4.764	4.764	0.000	0.000	0.020	0.000	0.000	0.020
hll4_mpc_shuffle_stats	[594.1, 1,498]	[-41%, 50%]	4.764	4.764	0.000	0.000	0.000	0.000	0.000	0.020
hll7_stats	[839.9, 1,180]	[-16%, 18%]	0.006	0.006	0.190	0.810	1.670	0.190	0.810	1.670
hll7_shuffle_stats	[839.9, 1,180]	[-16%, 18%]	0.006	0.006	0.000	0.020	0.030	0.190	0.810	1.670
hll7_rehashed_stats	[839.9, 1,180]	[-16%, 18%]	0.006	0.007	0.000	0.000	0.000	0.190	0.810	1.670
hll7_mask_stats	[832.6, 1,251]	[-17%, 25%]	0.006	0.006	0.000	0.000	0.000	0.000	0.000	0.000
hll7_mpc_stats	[839.9, 1,180]	[-16%, 18%]	37.61	37.61	0.000	0.020	0.020	0.000	0.020	0.020
hll7_mpc_shuffle_stats	[839.9, 1,180]	[-16%, 18%]	37.61	37.61	0.000	0.000	0.000	0.000	0.020	0.020
hll15_stats	[992.4, 1,008]	[-1%, 1%]	1.440	1.440	46.31	178.8	374.6	46.31	178.8	374.6
hll15_shuffle_stats	[992.4, 1,008]	[-1%, 1%]	1.440	1.440	0.000	0.020	0.030	46.31	178.8	374.6
hll15_rehashed_stats	[992.4, 1,008]	[-1%, 1%]	1.601	1.621	0.000	0.000	0.000	46.31	178.8	374.6
hll15_mask_stats	[93.02, 2,231]	[-91%, 123%]	0.267	0.267	0.000	0.000	0.000	0.000	0.000	0.000
all_stats	[1000.0, 1000.0]	[0%, 0%]	0.002	0.002	1,919	1,919	1,919	1,919	1,919	1,919
all_rehashed_stats	[1000.0, 1000.0]	[0%, 0%]	0.002	0.002	0.000	0.000	0.000	1,919	1,919	1,919
Method	Estimate (actual)	Estimate (relative)	Wait (mean)	Wait (max)	Hub r1	Hub r4	Hub r9	Hosp r1	Hosp r4	Hosp r9
agg_stats	[899.9, 19,470]	[-91%, 95%]	0.000	0.000	0.090	0.680	2.650	0.090	0.680	2.650
agg_mask_stats	[899.9, 19,477]	[-91%, 95%]	0.000	0.000	0.000	0.000	0.000	0.000	0.000	0.000
agg_mpc_stats	[18,886, 19,470]	[89%, 95%]	0.099	0.099	0.000	0.000	0.000	0.000	0.000	0.000
hll0_stats	[1,421, 363,799]	[-86%, 3538%]	0.000	0.000	0.060	0.150	0.230	0.060	0.150	0.230
hll0_shuffle_stats	[1,421, 363,799]	[-86%, 3538%]	0.000	0.000	0.060	0.150	0.230	0.060	0.150	0.230
hll0_rehashed_stats	[1,421, 363,799]	[-86%, 3538%]	0.001	0.010	0.000	0.000	0.000	0.060	0.150	0.230
hll0_mask_stats	[1,421, 182,085]	[-86%, 1721%]	0.000	0.000	0.000	0.000	0.000	0.000	0.000	0.000
hll0_mpc_stats	[1,421, 363,799]	[-86%, 3538%]	0.384	0.384	0.000	0.000	0.000	0.000	0.000	0.000
hll0_mpc_shuffle_stats	[1,421, 363,799]	[-86%, 3538%]	0.384	0.384	0.000	0.000	0.000	0.000	0.000	0.000
hll1_stats	[2,802, 56,273]	[-72%, 463%]	0.000	0.000	0.070	0.250	0.310	0.070	0.250	0.310
hll1_shuffle_stats	[2,802, 56,273]	[-72%, 463%]	0.000	0.000	0.060	0.150	0.230	0.070	0.250	0.310
hll1_rehashed_stats	[2,802, 56,273]	[-72%, 463%]	0.001	0.010	0.000	0.000	0.000	0.070	0.250	0.310
hll1_mask_stats	[2,559, 41,028]	[-74%, 310%]	0.000	0.000	0.000	0.000	0.000	0.000	0.000	0.000
hll1_mpc_stats	[2,802, 56,273]	[-72%, 463%]	0.676	0.676	0.000	0.000	0.000	0.000	0.000	0.000
hll1_mpc_shuffle_stats	[2,802, 56,273]	[-72%, 463%]	0.676	0.676	0.000	0.000	0.000	0.000	0.000	0.000
hll4_stats	[6,243, 16,850]	[-38%, 68%]	0.001	0.001	0.330	0.890	1.840	0.330	0.890	1.840
hll4_shuffle_stats	[6,243, 16,850]	[-38%, 68%]	0.001	0.001	0.060	0.150	0.230	0.330	0.890	1.840
hll4_rehashed_stats	[6,243, 16,850]	[-38%, 68%]	0.002	0.011	0.000	0.000	0.000	0.330	0.890	1.840
hll4_mask_stats	[5,704, 16,369]	[-43%, 64%]	0.001	0.001	0.000	0.000	0.000	0.000	0.000	0.000
hll4_mpc_stats	[6,243, 16,850]	[-38%, 68%]	4.787	4.787	0.000	0.000	0.050	0.000	0.000	0.050
hll4_mpc_shuffle_stats	[6,243, 16,850]	[-38%, 68%]	4.787	4.787	0.000	0.000	0.000	0.000	0.000	0.050
hll7_stats	[8,310, 11,347]	[-17%, 13%]	0.006	0.006	1.750	6.850	15.73	1.750	6.850	15.73
hll7_shuffle_stats	[8,310, 11,347]	[-17%, 13%]	0.006	0.006	0.060	0.150	0.230	1.750	6.850	15.73
hll7_rehashed_stats	[8,310, 11,347]	[-17%, 13%]	0.007	0.016	0.000	0.000	0.000	1.750	6.850	15.73
hll7_mask_stats	[7,167, 14,123]	[-28%, 41%]	0.005	0.005	0.000	0.000	0.000	0.000	0.000	0.000
hll7_mpc_stats	[8,310, 11,347]	[-17%, 13%]	37.83	37.83	0.000	0.110	0.300	0.000	0.110	0.300
hll7_mpc_shuffle_stats	[8,310, 11,347]	[-17%, 13%]	37.83	37.83	0.000	0.000	0.000	0.000	0.110	0.300
hll15_stats	[9,928, 10,075]	[-1%, 1%]	1.462	1.462	454.6	1,769	3,707	454.6	1,769	3,707
hll15_shuffle_stats	[9,928, 10,075]	[-1%, 1%]	1.462	1.462	0.060	0.150	0.230	454.6	1,769	3,707
hll15_rehashed_stats	[9,928, 10,075]	[-1%, 1%]	1.625	1.668	0.000	0.000	0.000	454.6	1,769	3,707
hll15_mask_stats	[899.9, 19,477]	[-91%, 95%]	0.012	0.012	0.000	0.000	0.000	0.000	0.000	0.000
all_stats	[10,000, 10,000]	[0%, 0%]	0.002	0.002	19,174	19,174	19,174	19,174	19,174	19,174
all_rehashed_stats	[10,000, 10,000]	[0%, 0%]	0.002	0.004	0.000	0.000	0.000	19,174	19,174	19,174
Method	Estimate (actual)	Estimate (relative)	Wait (mean)	Wait (max)	Hub r1	Hub r4	Hub r9	Hosp r1	Hosp r4	Hosp r9
agg_stats	[9,057, 194,126]	[-91%, 94%]	0.000	0.000	0.000	0.010	0.020	0.000	0.010	0.020
agg_mask_stats	[9,057, 194,126]	[-91%, 94%]	0.000	0.000	0.000	0.000	0.000	0.000	0.000	0.000
agg_mpc_stats	[188,850, 194,126]	[89%, 94%]	0.099	0.099	0.000	0.000	0.000	0.000	0.000	0.000
hll0_stats	[11,369, 727,598]	[-89%, 628%]	0.000	0.000	0.140	0.570	1.320	0.140	0.570	1.320
hll0_shuffle_stats	[11,369, 727,598]	[-89%, 628%]	0.000	0.000	0.140	0.570	1.320	0.140	0.570	1.320
hll0_rehashed_stats	[11,369, 727,598]	[-89%, 628%]	0.011	0.096	0.000	0.000	0.000	0.140	0.570	1.320
hll0_mask_stats	[11,369, 369,142]	[-89%, 269%]	0.000	0.000	0.000	0.000	0.000	0.000	0.000	0.000
hll0_mpc_stats	[11,369, 727,598]	[-89%, 628%]	0.385	0.385	0.000	0.000	0.000	0.000	0.000	0.000
hll0_mpc_shuffle_stats	[11,369, 727,598]	[-89%, 628%]	0.385	0.385	0.000	0.000	0.000	0.000	0.000	0.000
hll1_stats	[20,470, 393,030]	[-80%, 293%]	0.000	0.000	0.320	1.240	2.710	0.320	1.240	2.710
hll1_shuffle_stats	[20,470, 393,030]	[-80%, 293%]	0.000	0.000	0.140	0.570	1.320	0.320	1.240	2.710
hll1_rehashed_stats	[20,470, 393,030]	[-80%, 293%]	0.011	0.115	0.000	0.000	0.000	0.320	1.240	2.710
hll1_mask_stats	[20,470, 226,929]	[-80%, 127%]	0.000	0.000	0.000	0.000	0.000	0.000	0.000	0.000
hll1_mpc_stats	[20,470, 393,030]	[-80%, 293%]	0.677	0.677	0.000	0.000	0.000	0.000	0.000	0.000
hll1_mpc_shuffle_stats	[20,470, 393,030]	[-80%, 293%]	0.677	0.677	0.000	0.000	0.000	0.000	0.000	0.000
hll4_stats	[58,024, 169,675]	[-42%, 70%]	0.001	0.001	2.040	8.950	19.51	2.040	8.950	19.51
hll4_shuffle_stats	[58,024, 169,675]	[-42%, 70%]	0.001	0.001	0.140	0.570	1.320	2.040	8.950	19.51
hll4_rehashed_stats	[58,024, 169,675]	[-42%, 70%]	0.012	0.123	0.000	0.000	0.000	2.040	8.950	19.51
hll4_mask_stats	[45,325, 138,479]	[-55%, 38%]	0.001	0.001	0.000	0.000	0.000	0.000	0.000	0.000
hll4_mpc_stats	[58,024, 169,675]	[-42%, 70%]	4.771	4.771	0.000	0.000	0.100	0.000	0.000	0.100
hll4_mpc_shuffle_stats	[58,024, 169,675]	[-42%, 70%]	4.771	4.771	0.000	0.000	0.000	0.000	0.000	0.100
hll7_stats	[79,547, 117,654]	[-20%, 18%]	0.006	0.006	17.58	70.42	158.3	17.58	70.42	158.3
hll7_shuffle_stats	[79,547, 117,654]	[-20%, 18%]	0.006	0.006	0.140	0.570	1.320	17.58	70.42	158.3
hll7_rehashed_stats	[79,547, 117,654]	[-20%, 18%]	0.017	0.103	0.000	0.000	0.000	17.58	70.42	158.3
hll7_mask_stats	[15,973, 190,297]	[-84%, 90%]	0.001	0.001	0.000	0.000	0.000	0.000	0.000	0.000
hll7_mpc_stats	[79,547, 117,654]	[-20%, 18%]	37.63	37.63	0.040	0.450	1.640	0.040	0.450	1.640
hll7_mpc_shuffle_stats	[79,547, 117,654]	[-20%, 18%]	37.63	37.63	0.000	0.000	0.000	0.040	0.450	1.640
hll15_stats	[99,893, 101,691]	[-0%, 2%]	1.363	1.363	4,569	17,665	36,876	4,569	17,665	36,876
hll15_shuffle_stats	[99,893, 101,691]	[-0%, 2%]	1.363	1.363	0.140	0.570	1.320	4,569	17,665	36,876
hll15_rehashed_stats	[99,893, 101,691]	[-0%, 2%]	1.537	1.637	0.000	0.000	0.000	4,569	17,665	36,876
hll15_mask_stats	[9,057, 194,126]	[-91%, 94%]	0.001	0.001	0.000	0.000	0.000	0.000	0.000	0.000
all_stats	[100,000, 100,000]	[0%, 0%]	0.008	0.008	191,759	191,759	191,759	191,759	191,759	191,759
all_rehashed_stats	[100,000, 100,000]	[0%, 0%]	0.011	0.032	0.000	0.000	0.000	191,759	191,759	191,759
Method	Estimate (actual)	Estimate (relative)	Wait (mean)	Wait (max)	Hub r1	Hub r4	Hub r9	Hosp r1	Hosp r4	Hosp r9
agg_stats	[90,222, 1,940,247]	[-91%, 94%]	0.000	0.000	0.000	0.000	0.000	0.000	0.000	0.000
agg_mask_stats	[90,222, 1,940,247]	[-91%, 94%]	0.000	0.000	0.000	0.000	0.000	0.000	0.000	0.000
agg_mpc_stats	[1,888,932, 1,940,247]	[89%, 94%]	0.100	0.100	0.000	0.000	0.000	0.000	0.000	0.000
hll0_stats	[181,899, 17,753,385]	[-82%, 1675%]	0.000	0.000	1.340	5.280	11.71	1.340	5.280	11.71
hll0_shuffle_stats	[181,899, 17,753,385]	[-82%, 1675%]	0.000	0.000	1.340	5.280	11.71	1.340	5.280	11.71
hll0_rehashed_stats	[181,899, 17,753,385]	[-82%, 1675%]	0.104	0.947	0.000	0.000	0.000	1.340	5.280	11.71
hll0_mask_stats	[90,950, 932,550]	[-91%, -7%]	0.000	0.000	0.000	0.000	0.000	0.000	0.000	0.000
hll0_mpc_stats	[181,899, 17,753,385]	[-82%, 1675%]	0.385	0.385	0.000	0.070	0.200	0.000	0.070	0.200
hll0_mpc_shuffle_stats	[181,899, 17,753,385]	[-82%, 1675%]	0.385	0.385	0.000	0.070	0.200	0.000	0.070	0.200
hll1_stats	[206,887, 11,581,296]	[-79%, 1058%]	0.000	0.000	2.590	10.42	23.06	2.590	10.42	23.06
hll1_shuffle_stats	[206,887, 11,581,296]	[-79%, 1058%]	0.000	0.000	1.350	5.400	12.15	2.590	10.42	23.06
hll1_rehashed_stats	[206,887, 11,581,296]	[-79%, 1058%]	0.105	0.947	0.000	0.000	0.000	2.590	10.42	23.06
hll1_mask_stats	[109,175, 1,273,729]	[-89%, 27%]	0.000	0.000	0.000	0.000	0.000	0.000	0.000	0.000
hll1_mpc_stats	[206,887, 11,581,296]	[-79%, 1058%]	0.679	0.679	0.000	0.110	0.390	0.000	0.110	0.390
hll1_mpc_shuffle_stats	[206,887, 11,581,296]	[-79%, 1058%]	0.679	0.679	0.000	0.070	0.200	0.000	0.110	0.390
hll4_stats	[538,869, 1,713,823]	[-46%, 71%]	0.001	0.001	21.46	85.42	186.3	21.46	85.42	186.3
hll4_shuffle_stats	[538,869, 1,713,823]	[-46%, 71%]	0.001	0.001	1.350	5.490	12.41	21.46	85.42	186.3
hll4_rehashed_stats	[538,869, 1,713,823]	[-46%, 71%]	0.105	0.943	0.000	0.000	0.000	21.46	85.42	186.3
hll4_mask_stats	[90,644, 1,892,176]	[-91%, 89%]	0.000	0.000	0.000	0.000	0.000	0.000	0.000	0.000
hll4_mpc_stats	[538,869, 1,713,823]	[-46%, 71%]	4.754	4.754	0.060	0.750	1.910	0.060	0.750	1.910
hll4_mpc_shuffle_stats	[538,869, 1,713,823]	[-46%, 71%]	4.754	4.754	0.000	0.070	0.200	0.060	0.750	1.910
hll7_stats	[837,269, 1,158,432]	[-16%, 16%]	0.006	0.006	175.2	691.0	1,508	175.2	691.0	1,508
hll7_shuffle_stats	[837,269, 1,158,432]	[-16%, 16%]	0.006	0.006	1.350	5.490	12.48	175.2	691.0	1,508
hll7_rehashed_stats	[837,269, 1,158,432]	[-16%, 16%]	0.111	0.955	0.000	0.000	0.000	175.2	691.0	1,508
hll7_mask_stats	[90,222, 1,940,247]	[-91%, 94%]	0.001	0.001	0.000	0.000	0.000	0.000	0.000	0.000
hll7_mpc_stats	[837,269, 1,158,432]	[-16%, 16%]	37.39	37.39	0.490	5.720	14.71	0.490	5.720	14.71
hll7_mpc_shuffle_stats	[837,269, 1,158,432]	[-16%, 16%]	37.39	37.39	0.000	0.070	0.200	0.490	5.720	14.71
hll15_stats	[987,401, 1,011,968]	[-1%, 1%]	1.379	1.379	45,272	171,742	348,258	45,272	171,742	348,258
hll15_shuffle_stats	[987,401, 1,011,968]	[-1%, 1%]	1.379	1.379	1.350	5.490	12.50	45,272	171,742	348,258
hll15_rehashed_stats	[987,401, 1,011,968]	[-1%, 1%]	1.652	2.537	0.000	0.000	0.000	45,272	171,742	348,258
hll15_mask_stats	[90,222, 1,940,247]	[-91%, 94%]	0.001	0.001	0.000	0.000	0.000	0.000	0.000	0.000
all_stats	[1,000,000, 1,000,000]	[0%, 0%]	0.071	0.071	1,917,817	1,917,817	1,917,817	1,917,817	1,917,817	1,917,817
all_rehashed_stats	[1,000,000, 1,000,000]	[0%, 0%]	0.097	0.302	0.000	0.000	0.000	1,917,817	1,917,817	1,917,817
Method	Estimate (actual)	Estimate (relative)	Wait (mean)	Wait (max)	Hub r1	Hub r4	Hub r9	Hosp r1	Hosp r4	Hosp r9
agg_stats	[902,793, 19,402,938]	[-91%, 94%]	0.000	0.000	0.000	0.000	0.000	0.000	0.000	0.000
agg_mask_stats	[902,793, 19,402,938]	[-91%, 94%]	0.000	0.000	0.000	0.000	0.000	0.000	0.000	0.000
agg_mpc_stats	[18,884,586, 19,402,938]	[89%, 94%]	0.105	0.105	0.000	0.000	0.000	0.000	0.000	0.000
hll0_stats	[1,455,196, 71,013,541]	[-85%, 610%]	0.000	0.000	12.72	41.58	70.06	12.72	41.58	70.06
hll0_shuffle_stats	[1,455,196, 71,013,541]	[-85%, 610%]	0.000	0.000	12.72	41.58	70.06	12.72	41.58	70.06
hll0_rehashed_stats	[1,455,196, 71,013,541]	[-85%, 610%]	1.032	9.685	0.000	0.000	0.000	12.72	41.58	70.06
hll0_mask_stats	[734,987, 17,239,998]	[-93%, 72%]	0.000	0.000	0.000	0.000	0.000	0.000	0.000	0.000
hll0_mpc_stats	[1,455,196, 71,013,541]	[-85%, 610%]	0.383	0.383	0.020	0.340	1.150	0.020	0.340	1.150
hll0_mpc_shuffle_stats	[1,455,196, 71,013,541]	[-85%, 610%]	0.383	0.383	0.020	0.340	1.150	0.020	0.340	1.150
hll1_stats	[2,215,613, 41,923,242]	[-78%, 319%]	0.000	0.000	25.47	84.40	140.8	25.47	84.40	140.8
hll1_shuffle_stats	[2,215,613, 41,923,242]	[-78%, 319%]	0.000	0.000	13.41	48.00	92.64	25.47	84.40	140.8
hll1_rehashed_stats	[2,215,613, 41,923,242]	[-78%, 319%]	1.033	9.483	0.000	0.000	0.000	25.47	84.40	140.8
hll1_mask_stats	[887,447, 18,931,827]	[-91%, 89%]	0.000	0.000	0.000	0.000	0.000	0.000	0.000	0.000
hll1_mpc_stats	[2,215,613, 41,923,242]	[-78%, 319%]	0.675	0.675	0.090	0.860	2.300	0.090	0.860	2.300
hll1_mpc_shuffle_stats	[2,215,613, 41,923,242]	[-78%, 319%]	0.675	0.675	0.020	0.340	1.170	0.090	0.860	2.300
hll4_stats	[6,171,672, 16,428,565]	[-38%, 64%]	0.001	0.001	206.0	671.3	1,123	206.0	671.3	1,123
hll4_shuffle_stats	[6,171,672, 16,428,565]	[-38%, 64%]	0.001	0.001	13.81	55.01	122.0	206.0	671.3	1,123
hll4_rehashed_stats	[6,171,672, 16,428,565]	[-38%, 64%]	1.035	9.495	0.000	0.000	0.000	206.0	671.3	1,123
hll4_mask_stats	[902,793, 19,402,938]	[-91%, 94%]	0.001	0.001	0.000	0.000	0.000	0.000	0.000	0.000
hll4_mpc_stats	[6,171,672, 16,428,565]	[-38%, 64%]	4.755	4.755	0.930	7.440	18.33	0.930	7.440	18.33
hll4_mpc_shuffle_stats	[6,171,672, 16,428,565]	[-38%, 64%]	4.755	4.755	0.020	0.340	1.180	0.930	7.440	18.33
hll7_stats	[8,352,290, 12,307,282]	[-16%, 23%]	0.006	0.006	1,644	5,354	8,947	1,644	5,354	8,947
hll7_shuffle_stats	[8,352,290, 12,307,282]	[-16%, 23%]	0.006	0.006	13.87	55.86	126.3	1,644	5,354	8,947
hll7_rehashed_stats	[8,352,290, 12,307,282]	[-16%, 23%]	1.043	9.496	0.000	0.000	0.000	1,644	5,354	8,947
hll7_mask_stats	[902,793, 19,402,938]	[-91%, 94%]	0.001	0.001	0.000	0.000	0.000	0.000	0.000	0.000
hll7_mpc_stats	[8,352,290, 12,307,282]	[-16%, 23%]	37.41	37.41	6.320	56.69	143.6	6.320	56.69	143.6
hll7_mpc_shuffle_stats	[8,352,290, 12,307,282]	[-16%, 23%]	37.41	37.41	0.020	0.340	1.180	6.320	56.69	143.6
hll15_stats	[9,887,923, 10,123,720]	[-1%, 1%]	1.392	1.392	416,160	1,329,538	2,127,583	416,160	1,329,538	2,127,583
hll15_shuffle_stats	[9,887,923, 10,123,720]	[-1%, 1%]	1.392	1.392	13.91	56.00	127.0	416,160	1,329,538	2,127,583
hll15_rehashed_stats	[9,887,923, 10,123,720]	[-1%, 1%]	2.641	11.55	0.000	0.000	0.000	416,160	1,329,538	2,127,583
hll15_mask_stats	[902,793, 19,402,938]	[-91%, 94%]	0.001	0.001	0.000	0.000	0.000	0.000	0.000	0.000
all_stats	[10,000,000, 10,000,000]	[0%, 0%]	0.794	0.794	19,178,114	19,178,114	19,178,114	19,178,114	19,178,114	19,178,114
all_rehashed_stats	[10,000,000, 10,000,000]	[0%, 0%]	1.045	3.090	0.000	0.000	0.000	19,178,114	19,178,114	19,178,114
Method	Estimate (actual)	Estimate (relative)	Wait (mean)	Wait (max)	Hub r1	Hub r4	Hub r9	Hosp r1	Hosp r4	Hosp r9
agg_stats	[9,431,902, 200,018,431]	[-91%, 100%]	0.000	0.000	0.000	0.000	0.000	0.000	0.000	0.000
agg_mask_stats	[9,431,902, 200,018,431]	[-91%, 100%]	0.000	0.000	0.000	0.000	0.000	0.000	0.000	0.000
agg_mpc_stats	[199,984,637, 200,018,431]	[100%, 100%]	0.171	0.171	0.000	0.000	0.000	0.000	0.000	0.000
hll0_stats	[11,641,564, 818,287,824]	[-88%, 718%]	0.000	0.000	70.13	98.30	99.97	70.13	98.30	99.97
hll0_shuffle_stats	[11,641,564, 818,287,824]	[-88%, 718%]	0.000	0.000	70.13	98.30	99.97	70.13	98.30	99.97
hll0_rehashed_stats	[11,641,564, 818,287,824]	[-88%, 718%]	9.420	84.36	0.000	0.000	0.000	70.13	98.30	99.97
hll0_mask_stats	[9,431,902, 200,018,431]	[-91%, 100%]	0.001	0.001	0.000	0.000	0.000	0.000	0.000	0.000
hll0_mpc_stats	[11,641,564, 818,287,824]	[-88%, 718%]	0.387	0.387	0.370	4.350	9.910	0.370	4.350	9.910
hll0_mpc_shuffle_stats	[11,641,564, 818,287,824]	[-88%, 718%]	0.387	0.387	0.370	4.350	9.910	0.370	4.350	9.910
hll1_stats	[22,952,975, 448,641,535]	[-77%, 349%]	0.000	0.000	141.3	196.5	199.9	141.3	196.5	199.9
hll1_shuffle_stats	[22,952,975, 448,641,535]	[-77%, 349%]	0.000	0.000	93.84	181.8	198.5	141.3	196.5	199.9
hll1_rehashed_stats	[22,952,975, 448,641,535]	[-77%, 349%]	9.420	84.36	0.000	0.000	0.000	141.3	196.5	199.9
hll1_mask_stats	[9,431,902, 200,018,431]	[-91%, 100%]	0.001	0.001	0.000	0.000	0.000	0.000	0.000	0.000
hll1_mpc_stats	[22,952,975, 448,641,535]	[-77%, 349%]	0.681	0.681	0.830	8.980	19.82	0.830	8.980	19.82
hll1_mpc_shuffle_stats	[22,952,975, 448,641,535]	[-77%, 349%]	0.681	0.681	0.380	4.520	10.75	0.830	8.980	19.82
hll4_stats	[57,717,266, 167,663,627]	[-42%, 68%]	0.001	0.001	1,124	1,570	1,599	1,124	1,570	1,599
hll4_shuffle_stats	[57,717,266, 167,663,627]	[-42%, 68%]	0.001	0.001	132.4	466.8	854.1	1,124	1,570	1,599
hll4_rehashed_stats	[57,717,266, 167,663,627]	[-42%, 68%]	9.422	84.36	0.000	0.000	0.000	1,124	1,570	1,599
hll4_mask_stats	[9,431,902, 200,018,431]	[-91%, 100%]	0.001	0.001	0.000	0.000	0.000	0.000	0.000	0.000
hll4_mpc_stats	[57,717,266, 167,663,627]	[-42%, 68%]	4.768	4.768	7.520	66.30	153.8	7.520	66.30	153.8
hll4_mpc_shuffle_stats	[57,717,266, 167,663,627]	[-42%, 68%]	4.768	4.768	0.390	4.760	11.69	7.520	66.30	153.8
hll7_stats	[84,484,568, 117,231,365]	[-16%, 17%]	0.006	0.006	9,010	12,565	12,795	9,010	12,565	12,795
hll7_shuffle_stats	[84,484,568, 117,231,365]	[-16%, 17%]	0.006	0.006	139.3	551.0	1,199	9,010	12,565	12,795
hll7_rehashed_stats	[84,484,568, 117,231,365]	[-16%, 17%]	9.426	84.36	0.000	0.000	0.000	9,010	12,565	12,795
hll7_mask_stats	[9,431,902, 200,018,431]	[-91%, 100%]	0.001	0.001	0.000	0.000	0.000	0.000	0.000	0.000
hll7_mpc_stats	[84,484,568, 117,231,365]	[-16%, 17%]	37.43	37.43	60.65	534.6	1,246	60.65	534.6	1,246
hll7_mpc_shuffle_stats	[84,484,568, 117,231,365]	[-16%, 17%]	37.43	37.43	0.390	4.770	11.83	60.65	534.6	1,246
hll15_stats	[99,097,598, 101,037,154]	[-1%, 1%]	1.362	1.362	2,301,725	3,202,084	3,259,256	2,301,725	3,202,084	3,259,256
hll15_shuffle_stats	[99,097,598, 101,037,154]	[-1%, 1%]	1.362	1.362	140.4	565.0	1,265	2,301,725	3,202,084	3,259,256
hll15_rehashed_stats	[99,097,598, 101,037,154]	[-1%, 1%]	10.96	85.89	0.000	0.000	0.000	2,301,725	3,202,084	3,259,256
hll15_mask_stats	[9,431,902, 200,018,431]	[-91%, 100%]	0.001	0.001	0.000	0.000	0.000	0.000	0.000	0.000
all_stats	[100,000,000, 100,000,000]	[0%, 0%]	10.12	10.12	199,999,801	199,999,801	199,999,801	199,999,801	199,999,801	199,999,801
all_rehashed_stats	[100,000,000, 100,000,000]	[0%, 0%]	11.56	23.31	0.000	0.000	0.000	199,999,801	199,999,801	199,999,801
